-24.066000000000003 -24.066000000000003 -44.87091882814754
-31.961070000000007 -12.6 -120.74474260664275
-12.6 -12.6 -100.206
-13.86 -12.6 -113.1444378
-72.3952838749997 -117.59151208190018 -83.11264979571845
-55.311356455563505 -70.96027323218064 -156.51302822941201
-103.40739235080001 -68.30163970323171 -106.87576680000001
-71.31148774497163 -56.5927842629481 -67.42811004252326
-157.3695510899165 -41.032439203500005 -40.25984726588652
-42.24550142268001 -37.250503046999995 -116.91765360000001
-94.20208308000001 -108.287557941618 -66.76637439478783
-70.54663317078695 -39.6469860948 -181.73157188369203
-87.0897192948 -41.077507897899004 -136.1882283837627
-40.9464600121704 -50.94037396638177 -140.72661712871772
-47.34827069143607 -41.17301197437142 -74.96468690025587
-43.737334295580006 -39.49506605430712 -41.780114051472
-44.28596372240961 -47.962599909050084 -90.0
-48.77619711788668 -49.386469577696886 -63.0981962398032
-47.48614296348908 -46.283351883287224 -111.04310796957084
-41.916082183002906 -47.50602113762597 -42.02579467910354
-63.96693887116948 -178.18521064018466 -59.911166668694406
-57.626554334290375 -59.42429172144924 -60.520214238321785
-73.10384952126671 -62.70250720250892 -133.44519223070915
-63.47741331464341 -62.29674731006124 -116.74664672907849
-59.620483589200944 -58.03344012815956 -154.14873852650774
-58.97365852652123 -59.05150317395729 -145.06154939734336
-59.198232508262336 -105.29801221926989 -63.42798847882271
-58.323832273978994 -59.0948627794482 -60.03428457370429
-75.76499672885423 -81.44638107571448 -124.34222683500445
-71.63845971223398 -89.64539536410908 -95.53769032094888
-205.61775519874277 -71.26966779014546 -142.38732798297866
-112.55629616085645 -67.04591234482751 -140.89420276985496
-65.26167797855058 -131.01818996753764 -148.3392360249968
-140.6230610158396 -57.63157152408827 -132.88737974932948
-75.34366088536089 -40.1986811394504 -72.39631803620969
-92.41811274033977 -104.31908697794472 -124.21019479932067
-156.1016539999197 -74.3872893230935 -216.72207781428654
-101.76488410984538 -118.03844557124403 -56.873606777532494
-60.548993123850984 -136.60861160618518 -291.5993811972513
-131.08722317078295 -144.62112844242367 -40.87542009046773
-142.23816281268773 -60.48634472876672 -158.71441347259645
-119.78606689119097 -71.19203073663925 -55.52258281735748
-127.11904567776705 -99.47146715840168 -150.07736006484402
-152.99129378729808 -56.69588612946647 -114.10003889129753
166.55066463326452 -96.47405371432882 -134.75458604680128
-80.96130075653343 -110.12297418946056 -105.46417912496227
-150.0449991646463 -79.33568388148817 -78.6675056374945
-9.043231452665111 -36.97320500886614 -102.78779728900992
-118.29292158466214 19.70960056282292 -110.65011403759604
-81.76259559250461 -164.01455025570152 57.5409175001981
-71.31731803404271 -43.01242406685178 314.43528877786065
-118.23361356322852 71.5451498506354 -123.53922953714748
12.145878223023075 276.1596351493931 -17.263476054043522
79.67381261910967 175.50233959249096 -109.72650726944667
125.39427658304658 415.85924677288256 210.86338308350008
159.09738542503771 138.7948772609923 471.7885039691863
-70.02719856337373 -74.56823670985305 -57.36055358875093
-118.3930895621512 -63.80855271253185 -101.78301245082424
-76.07083809280678 -57.10193914558461 -159.62883138117385
-108.38619625388975 -52.839942062614604 -106.70868
-112.17647713240801 -60.165465582947476 -58.089992746364366
-59.477563591156894 -61.56219538923895 -75.13974070573732
-63.64267279395686 -63.36796188056919 -109.960749
-62.33333424912528 -63.449612298395756 -156.56717388916493
-109.00127893063359 -60.35252910486129 -132.3952602650329
-60.31697932036362 -117.79232523768044 -67.11383526357847
-74.42536996849657 -180.69683614352178 -142.90368215515463
-58.9818062054517 -90.42106955994169 -84.72471471053247
-73.97836312022658 -123.17808069955846 -183.6213504049467
-100.27021918147801 -120.96692864509771 -161.29405506278863
-146.48240537003093 -166.4656131740439 -223.0814735517993
-121.72655406798134 -140.68203660033296 -60.23097536701829
-123.00631163206413 -149.81141925429193 -186.74513698407011
-145.512933646328 -162.39913564487998 -104.39836497221778
-100.67236413115586 -178.64619014204942 -182.76897080553115
-122.87082738092342 -92.80328467418028 -131.48471165757508
-131.11780169903642 -83.28843570538714 -164.69780927639977
-55.105432389766065 -60.50422189054011 -168.36118385095415
-126.59038372884889 -47.70051993081115 -231.45466429179447
-150.764494186848 -87.17423276344479 -60.206874925134876
-43.011688667029105 -80.11772847692707 -177.60509462223698
-159.0366537225731 -96.11308171815594 -59.90227361251887
-68.48957154842881 -169.0607890059602 -177.88434294137113
-79.529855765812 -178.14932259428775 -71.70703616220942
-38.105736376766075 -117.27660815663282 121.65626271860879
-55.18012751229389 -122.71373605038804 -46.82920348854216
-43.4207018260867 -100.77815954953576 -170.53571381231046
-179.4727908115009 -111.66214264072619 -180.38511292712718
-34.177340724692726 5.121512479472481 74.18622201752632
-78.4072234914465 -12.04923428649296 22.868674517706072
27.917701984323756 -98.85854635124932 -197.7511002719031
-44.32075744508192 -28.892628798262578 -108.96598979646495
375.175121312973 26.729229675789927 21.483265245417613
260.38136153791123 9.030513510504623 -114.45043048492792
57.74720623052596 -2.0611958213933335 -121.69626589178914
-24.848363093499103 139.13941053675964 280.82577550259333
